Input:
   surface alone: m = 1.34 & variance = 0.03884 (no shadow, no foam, no normalization)
   sun = 30 degrees, phi-phi0 = 60 (negative view) and 240 (positive view)
-----------------------------------------------------------------------------------------------------------
view           I (refl)      Q (refl)      U (refl)      Pol refl     pol angle      abs(Q)        abs(U)
-----------------------------------------------------------------------------------------------------------
0.600D+02      0.000250     -0.000109     -0.000143      0.000180    116.329502      0.000109      0.000143
0.550D+02      0.000835     -0.000319     -0.000436      0.000540    116.919353      0.000319      0.000436
0.500D+02      0.002270     -0.000740     -0.001074      0.001304    117.718790      0.000740      0.001074
0.450D+02      0.005168     -0.001401     -0.002199      0.002607    118.753942      0.001401      0.002199
0.400D+02      0.010070     -0.002197     -0.003824      0.004410    120.060263      0.002197      0.003824
0.350D+02      0.017075     -0.002878     -0.005740      0.006421    121.684936      0.002878      0.005740
0.300D+02      0.025520     -0.003136     -0.007526      0.008153    123.690067      0.003136      0.007526
0.250D+02      0.033937     -0.002771     -0.008689      0.009120    126.156738      0.002771      0.008689
0.200D+02      0.040425     -0.001824     -0.008869      0.009055    129.189680      0.001824      0.008869
0.150D+02      0.043311     -0.000582     -0.008006      0.008027    132.921580      0.000582      0.008006
0.100D+02      0.041820      0.000560     -0.006362      0.006387    -42.485800      0.000560      0.006362
0.500D+01      0.036385      0.001287     -0.004402      0.004586    -36.850265      0.001287      0.004402
0.000D+00      0.028460      0.001497     -0.002593      0.002994    -29.999999      0.001497      0.002593
0.500D+01      0.019925      0.001298     -0.001239      0.001794    -21.842976      0.001298      0.001239
0.100D+02      0.012402      0.000906     -0.000421      0.000999    -12.477498      0.000906      0.000421
0.150D+02      0.006800      0.000519     -0.000042      0.000521     -2.292866      0.000519      0.000042
0.200D+02      0.003244      0.000243      0.000070      0.000253      8.054362      0.000243      0.000070
0.250D+02      0.001325      0.000092      0.000066      0.000113     17.847492      0.000092      0.000066
0.300D+02      0.000455      0.000027      0.000036      0.000044     26.565050      0.000027      0.000036
0.350D+02      0.000128      0.000006      0.000014      0.000015     33.988447      0.000006      0.000014
0.400D+02      0.000028      0.000001      0.000004      0.000004     40.140909      0.000001      0.000004
0.450D+02      0.000005     -0.000000      0.000001      0.000001     45.170385      0.000000      0.000001
0.500D+02      0.000001     -0.000000      0.000000      0.000000     49.260208      0.000000      0.000000
0.550D+02      0.000000     -0.000000      0.000000      0.000000     52.583167      0.000000      0.000000
0.600D+02      0.000000     -0.000000      0.000000      0.000000     55.284997      0.000000      0.000000
