          25

0.600D+02      0.000417     -0.000230     -0.000302      0.000380    116.330841      0.000230      0.000302
0.550D+02      0.000411     -0.000204     -0.000279      0.000346    116.920484      0.000204      0.000279
0.500D+02      0.000409     -0.000177     -0.000258      0.000313    117.719697      0.000177      0.000258
0.450D+02      0.000412     -0.000151     -0.000237      0.000280    118.754609      0.000151      0.000237
0.400D+02      0.000418     -0.000124     -0.000216      0.000249    120.060672      0.000124      0.000216
0.350D+02      0.000427     -0.000098     -0.000196      0.000220    121.685062      0.000098      0.000196
0.300D+02      0.000437     -0.000074     -0.000177      0.000192    123.689886      0.000074      0.000177
0.250D+02      0.000449     -0.000050     -0.000158      0.000165    126.156238      0.000050      0.000158
0.200D+02      0.000462     -0.000029     -0.000139      0.000142    129.188872      0.000029      0.000139
0.150D+02      0.000474     -0.000009     -0.000120      0.000120    132.920526      0.000009      0.000120
0.100D+02      0.000487      0.000009     -0.000101      0.000101    -42.486928      0.000009      0.000101
0.500D+01      0.000499      0.000024     -0.000082      0.000086    -36.851116      0.000024      0.000082
0.000D+00      0.000511      0.000036     -0.000063      0.000073    -29.999998      0.000036      0.000063
0.500D+01      0.000521      0.000046     -0.000044      0.000064    -21.841426      0.000046      0.000044
0.100D+02      0.000531      0.000052     -0.000024      0.000058    -12.473994      0.000052      0.000024
0.150D+02      0.000539      0.000056     -0.000004      0.000056     -2.287888      0.000056      0.000004
0.200D+02      0.000546      0.000055      0.000016      0.000058      8.059387      0.000055      0.000016
0.250D+02      0.000551      0.000052      0.000037      0.000064     17.851061      0.000052      0.000037
0.300D+02      0.000555      0.000044      0.000059      0.000074     26.566459      0.000044      0.000059
0.350D+02      0.000558      0.000033      0.000082      0.000088     33.987846      0.000033      0.000082
0.400D+02      0.000560      0.000018      0.000106      0.000107     40.138847      0.000018      0.000106
0.450D+02      0.000562     -0.000001      0.000131      0.000131     45.167425      0.000001      0.000131
0.500D+02      0.000563     -0.000024      0.000157      0.000159     49.256783      0.000024      0.000157
0.550D+02      0.000565     -0.000050      0.000185      0.000192     52.579566      0.000050      0.000185
0.600D+02      0.000567     -0.000081      0.000216      0.000230     55.281402      0.000081      0.000216
