          25

0.600D+02      0.000681     -0.000408      0.000000      0.000408     90.000000      0.000408      0.000000
0.550D+02      0.000598     -0.000416      0.000000      0.000416     90.000000      0.000416      0.000000
0.500D+02      0.000532     -0.000421      0.000000      0.000421     90.000000      0.000421      0.000000
0.450D+02      0.000481     -0.000421      0.000000      0.000421     90.000000      0.000421      0.000000
0.400D+02      0.000443     -0.000417      0.000000      0.000417     90.000000      0.000417      0.000000
0.350D+02      0.000416     -0.000410      0.000000      0.000410     90.000000      0.000410      0.000000
0.300D+02      0.000399     -0.000398      0.000000      0.000398     90.000000      0.000398      0.000000
0.250D+02      0.000390     -0.000384      0.000000      0.000384     90.000000      0.000384      0.000000
0.200D+02      0.000390     -0.000367      0.000000      0.000367     90.000000      0.000367      0.000000
0.150D+02      0.000396     -0.000346      0.000000      0.000346     90.000000      0.000346      0.000000
0.100D+02      0.000410     -0.000324      0.000000      0.000324     90.000000      0.000324      0.000000
0.500D+01      0.000429     -0.000299      0.000000      0.000299     90.000000      0.000299      0.000000
0.000D+00      0.000454     -0.000272      0.000000      0.000272     90.000000      0.000272      0.000000
0.500D+01      0.000484     -0.000244     -0.000000      0.000244     90.000000      0.000244      0.000000
0.100D+02      0.000518     -0.000215     -0.000000      0.000215     90.000000      0.000215      0.000000
0.150D+02      0.000557     -0.000186     -0.000000      0.000186     90.000000      0.000186      0.000000
0.200D+02      0.000600     -0.000156     -0.000000      0.000156     90.000000      0.000156      0.000000
0.250D+02      0.000647     -0.000127     -0.000000      0.000127     90.000000      0.000127      0.000000
0.300D+02      0.000698     -0.000100     -0.000000      0.000100     90.000000      0.000100      0.000000
0.350D+02      0.000752     -0.000074     -0.000000      0.000074     90.000000      0.000074      0.000000
0.400D+02      0.000810     -0.000050     -0.000000      0.000050     90.000000      0.000050      0.000000
0.450D+02      0.000872     -0.000030     -0.000000      0.000030     90.000000      0.000030      0.000000
0.500D+02      0.000939     -0.000014     -0.000000      0.000014     90.000000      0.000014      0.000000
0.550D+02      0.001011     -0.000004     -0.000000      0.000004     90.000000      0.000004      0.000000
0.600D+02      0.001089      0.000000      0.000000      0.000000      0.000001      0.000000      0.000000
