Input:
   molecular atmosphere alone: ssa=0.0029 & extinction optical thickness = 34.1
   sun = 60 degrees, phi-phi0 = 60 (negative view) and 240 (positive view)
-----------------------------------------------------------------------------------------------------------
view           I (refl)      Q (refl)      U (refl)      Pol refl     pol angle      abs(Q)        abs(U)
-----------------------------------------------------------------------------------------------------------
0.600D+02      0.000553      0.000077     -0.000530      0.000536    -40.889725      0.000077      0.000530
0.550D+02      0.000510      0.000066     -0.000500      0.000505    -41.256006      0.000066      0.000500
0.500D+02      0.000477      0.000060     -0.000473      0.000476    -41.403743      0.000060      0.000473
0.450D+02      0.000452      0.000057     -0.000446      0.000450    -41.334732      0.000057      0.000446
0.400D+02      0.000435      0.000058     -0.000421      0.000425    -41.048103      0.000058      0.000421
0.350D+02      0.000424      0.000062     -0.000397      0.000402    -40.540321      0.000062      0.000397
0.300D+02      0.000417      0.000069     -0.000374      0.000380    -39.805236      0.000069      0.000374
0.250D+02      0.000416      0.000077     -0.000351      0.000359    -38.834183      0.000077      0.000351
0.200D+02      0.000418      0.000086     -0.000328      0.000339    -37.616177      0.000086      0.000328
0.150D+02      0.000423      0.000097     -0.000305      0.000320    -36.138256      0.000097      0.000305
0.100D+02      0.000431      0.000110     -0.000282      0.000303    -34.386045      0.000110      0.000282
0.500D+01      0.000441      0.000123     -0.000259      0.000287    -32.344655      0.000123      0.000259
0.000D+00      0.000454      0.000136     -0.000236      0.000272    -29.999999      0.000136      0.000236
0.500D+01      0.000469      0.000150     -0.000212      0.000259    -27.340676      0.000150      0.000212
0.100D+02      0.000485      0.000164     -0.000187      0.000249    -24.360432      0.000164      0.000187
0.150D+02      0.000503      0.000178     -0.000161      0.000240    -21.061184      0.000178      0.000161
0.200D+02      0.000523      0.000192     -0.000134      0.000234    -17.456322      0.000192      0.000134
0.250D+02      0.000544      0.000205     -0.000105      0.000230    -13.573746      0.000205      0.000105
0.300D+02      0.000567      0.000218     -0.000075      0.000230     -9.457840      0.000218      0.000075
0.350D+02      0.000592      0.000230     -0.000042      0.000234     -5.169466      0.000230      0.000042
0.400D+02      0.000618      0.000242     -0.000007      0.000242     -0.783291      0.000242      0.000007
0.450D+02      0.000648      0.000253      0.000032      0.000255      3.617573      0.000253      0.000032
0.500D+02      0.000680      0.000263      0.000075      0.000273      7.948744      0.000263      0.000075
0.550D+02      0.000716      0.000272      0.000123      0.000298     12.132030      0.000272      0.000123
0.600D+02      0.000757      0.000281      0.000177      0.000332     16.101514      0.000281      0.000177
