Input:
   surface alone: m = 1.34 & variance = 0.03884 (no shadow, no foam, no normalization)
   sun = 60 degrees, phi-phi0 = 60 (negative view) and 240 (positive view)
-----------------------------------------------------------------------------------------------------------
view           I (refl)      Q (refl)      U (refl)      Pol refl     pol angle      abs(Q)        abs(U)
-----------------------------------------------------------------------------------------------------------
0.600D+02      0.000000      0.000000     -0.000000      0.000000    -40.893393      0.000000      0.000000
0.550D+02      0.000000      0.000000     -0.000000      0.000000    -41.259047      0.000000      0.000000
0.500D+02      0.000002      0.000000     -0.000002      0.000002    -41.406165      0.000000      0.000002
0.450D+02      0.000013      0.000001     -0.000011      0.000011    -41.336563      0.000001      0.000011
0.400D+02      0.000050      0.000006     -0.000040      0.000041    -41.049381      0.000006      0.000040
0.350D+02      0.000130      0.000015     -0.000098      0.000100    -40.541096      0.000015      0.000098
0.300D+02      0.000250      0.000032     -0.000177      0.000180    -39.805570      0.000032      0.000177
0.250D+02      0.000372      0.000053     -0.000242      0.000248    -38.834152      0.000053      0.000242
0.200D+02      0.000437      0.000069     -0.000261      0.000270    -37.615876      0.000069      0.000261
0.150D+02      0.000412      0.000071     -0.000223      0.000234    -36.137799      0.000071      0.000223
0.100D+02      0.000314      0.000059     -0.000153      0.000164    -34.385571      0.000059      0.000153
0.500D+01      0.000193      0.000040     -0.000084      0.000093    -32.344325      0.000040      0.000084
0.000D+00      0.000095      0.000021     -0.000036      0.000042    -29.999999      0.000021      0.000036
0.500D+01      0.000037      0.000009     -0.000012      0.000015    -27.341199      0.000009      0.000012
0.100D+02      0.000011      0.000003     -0.000003      0.000004    -24.361662      0.000003      0.000003
0.150D+02      0.000002      0.000001     -0.000001      0.000001    -21.063267      0.000001      0.000001
0.200D+02      0.000000      0.000000     -0.000000      0.000000    -17.459318      0.000000      0.000000
0.250D+02      0.000000      0.000000     -0.000000      0.000000    -13.577593      0.000000      0.000000
0.300D+02      0.000000      0.000000     -0.000000      0.000000     -9.462322      0.000000      0.000000
0.350D+02      0.000000      0.000000     -0.000000      0.000000     -5.174213      0.000000      0.000000
0.400D+02      0.000000      0.000000     -0.000000      0.000000     -0.787818      0.000000      0.000000
0.450D+02      0.000000      0.000000      0.000000      0.000000      3.613786      0.000000      0.000000
0.500D+02      0.000000      0.000000      0.000000      0.000000      7.946159      0.000000      0.000000
0.550D+02      0.000000      0.000000      0.000000      0.000000     12.130969      0.000000      0.000000
0.600D+02      0.000000      0.000000      0.000000      0.000000     16.102114      0.000000      0.000000
