Input:
   surface alone: m = 1.34 & variance = 0.03884 (no shadow, no foam, no normalization)
   sun = 60 degrees, phi-phi0 = 0 (negative view) and 180 (positive view)
-----------------------------------------------------------------------------------------------------------
view           I (refl)      Q (refl)      U (refl)      Pol refl     pol angle      abs(Q)        abs(U)
-----------------------------------------------------------------------------------------------------------
0.600D+02      1.570671     -1.462025      0.000000      1.462025     90.000000      1.462025      0.000000
0.550D+02      1.108850     -1.077642      0.000000      1.077642     90.000000      1.077642      0.000000
0.500D+02      0.743033     -0.739466      0.000000      0.739466     90.000000      0.739466      0.000000
0.450D+02      0.469590     -0.469146      0.000000      0.469146     90.000000      0.469146      0.000000
0.400D+02      0.277992     -0.273257      0.000000      0.273257     90.000000      0.273257      0.000000
0.350D+02      0.152913     -0.144958      0.000000      0.144958     90.000000      0.144958      0.000000
0.300D+02      0.077394     -0.069382      0.000000      0.069382     90.000000      0.069382      0.000000
0.250D+02      0.035616     -0.029628      0.000000      0.029628     90.000000      0.029628      0.000000
0.200D+02      0.014690     -0.011135      0.000000      0.011135     90.000000      0.011135      0.000000
0.150D+02      0.005338     -0.003623      0.000000      0.003623     90.000000      0.003623      0.000000
0.100D+02      0.001674     -0.001000      0.000000      0.001000     90.000000      0.001000      0.000000
0.500D+01      0.000442     -0.000229      0.000000      0.000229     90.000000      0.000229      0.000000
0.000D+00      0.000095     -0.000042      0.000000      0.000042     90.000000      0.000042      0.000000
0.500D+01      0.000016     -0.000006      0.000000      0.000006     90.000000      0.000006      0.000000
0.100D+02      0.000002     -0.000001      0.000000      0.000001     90.000000      0.000001      0.000000
0.150D+02      0.000000     -0.000000      0.000000      0.000000     90.000000      0.000000      0.000000
0.200D+02      0.000000     -0.000000      0.000000      0.000000     90.000000      0.000000      0.000000
0.250D+02      0.000000     -0.000000      0.000000      0.000000     90.000000      0.000000      0.000000
0.300D+02      0.000000     -0.000000      0.000000      0.000000     90.000000      0.000000      0.000000
0.350D+02      0.000000     -0.000000      0.000000      0.000000     90.000000      0.000000      0.000000
0.400D+02      0.000000     -0.000000      0.000000      0.000000     90.000000      0.000000      0.000000
0.450D+02      0.000000     -0.000000      0.000000      0.000000     90.000000      0.000000      0.000000
0.500D+02      0.000000     -0.000000      0.000000      0.000000     90.000000      0.000000      0.000000
0.550D+02      0.000000     -0.000000      0.000000      0.000000     90.000000      0.000000      0.000000
0.600D+02      0.000000      0.000000      0.000000      0.000000           NaN      0.000000      0.000000
