Input:
   surface alone: m = 1.34 & variance = 0.03884 (no shadow, no foam, no normalization)
   sun = 30 degrees, phi-phi0 = 0 (negative view) and 180 (positive view)
-----------------------------------------------------------------------------------------------------------
view           I (refl)      Q (refl)      U (refl)      Pol refl     pol angle      abs(Q)        abs(U)
-----------------------------------------------------------------------------------------------------------
0.600D+02      0.077394     -0.069382      0.000000      0.069382     90.000000      0.069382      0.000000
0.550D+02      0.107936     -0.089787      0.000000      0.089787     90.000000      0.089787      0.000000
0.500D+02      0.139817     -0.105976      0.000000      0.105976     90.000000      0.105976      0.000000
0.450D+02      0.168389     -0.114285      0.000000      0.114285     90.000000      0.114285      0.000000
0.400D+02      0.188669     -0.112739      0.000000      0.112739     90.000000      0.112739      0.000000
0.350D+02      0.196652     -0.101758      0.000000      0.101758     90.000000      0.101758      0.000000
0.300D+02      0.190513     -0.083948      0.000000      0.083948     90.000000      0.083948      0.000000
0.250D+02      0.171242     -0.063138      0.000000      0.063138     90.000000      0.063138      0.000000
0.200D+02      0.142418     -0.043108      0.000000      0.043108     90.000000      0.043108      0.000000
0.150D+02      0.109173     -0.026547      0.000000      0.026547     90.000000      0.026547      0.000000
0.100D+02      0.076748     -0.014613      0.000000      0.014613     90.000000      0.014613      0.000000
0.500D+01      0.049160     -0.007101      0.000000      0.007101     90.000000      0.007101      0.000000
0.000D+00      0.028460     -0.002994      0.000000      0.002994     90.000000      0.002994      0.000000
0.500D+01      0.014743     -0.001068      0.000000      0.001068     90.000000      0.001068      0.000000
0.100D+02      0.006750     -0.000311      0.000000      0.000311     90.000000      0.000311      0.000000
0.150D+02      0.002691     -0.000069      0.000000      0.000069     90.000000      0.000069      0.000000
0.200D+02      0.000917     -0.000010      0.000000      0.000010     90.000000      0.000010      0.000000
0.250D+02      0.000261     -0.000001      0.000000      0.000001     90.000000      0.000001      0.000000
0.300D+02      0.000060      0.000000      0.000000      0.000000      0.000000      0.000000      0.000000
0.350D+02      0.000011     -0.000000     -0.000000      0.000000     90.000000      0.000000      0.000000
0.400D+02      0.000001     -0.000000     -0.000000      0.000000     90.000000      0.000000      0.000000
0.450D+02      0.000000     -0.000000     -0.000000      0.000000     90.000000      0.000000      0.000000
0.500D+02      0.000000     -0.000000     -0.000000      0.000000     90.000000      0.000000      0.000000
0.550D+02      0.000000     -0.000000     -0.000000      0.000000     90.000000      0.000000      0.000000
0.600D+02      0.000000     -0.000000     -0.000000      0.000000     90.000000      0.000000      0.000000
