Input:
   molecular atmosphere alone: ssa=0.0029 & extinction optical thickness = 34.1
   sun = 30 degrees, phi-phi0 = 0 (negative view) and 180 (positive view)
-----------------------------------------------------------------------------------------------------------
view           I (refl)      Q (refl)      U (refl)      Pol refl     pol angle      abs(Q)        abs(U)
-----------------------------------------------------------------------------------------------------------
0.600D+02      0.000399     -0.000399      0.000000      0.000399     90.000000      0.000399      0.000000
0.550D+02      0.000381     -0.000375      0.000000      0.000375     90.000000      0.000375      0.000000
0.500D+02      0.000372     -0.000350      0.000000      0.000350     90.000000      0.000350      0.000000
0.450D+02      0.000370     -0.000323      0.000000      0.000323     90.000000      0.000323      0.000000
0.400D+02      0.000373     -0.000295      0.000000      0.000295     90.000000      0.000295      0.000000
0.350D+02      0.000381     -0.000265      0.000000      0.000265     90.000000      0.000265      0.000000
0.300D+02      0.000393     -0.000236      0.000000      0.000236     90.000000      0.000236      0.000000
0.250D+02      0.000408     -0.000206      0.000000      0.000206     90.000000      0.000206      0.000000
0.200D+02      0.000426     -0.000177      0.000000      0.000177     90.000000      0.000177      0.000000
0.150D+02      0.000446     -0.000149      0.000000      0.000149     90.000000      0.000149      0.000000
0.100D+02      0.000467     -0.000122      0.000000      0.000122     90.000000      0.000122      0.000000
0.500D+01      0.000489     -0.000096      0.000000      0.000096     90.000000      0.000096      0.000000
0.000D+00      0.000511     -0.000073      0.000000      0.000073     90.000000      0.000073      0.000000
0.500D+01      0.000533     -0.000052     -0.000000      0.000052     90.000000      0.000052      0.000000
0.100D+02      0.000554     -0.000034     -0.000000      0.000034     90.000000      0.000034      0.000000
0.150D+02      0.000575     -0.000020     -0.000000      0.000020     90.000000      0.000020      0.000000
0.200D+02      0.000594     -0.000009     -0.000000      0.000009     90.000000      0.000009      0.000000
0.250D+02      0.000612     -0.000002     -0.000000      0.000002     90.000000      0.000002      0.000000
0.300D+02      0.000629      0.000000      0.000000      0.000000      0.000003      0.000000      0.000000
0.350D+02      0.000644     -0.000002      0.000000      0.000002     90.000000      0.000002      0.000000
0.400D+02      0.000657     -0.000010      0.000000      0.000010     90.000000      0.000010      0.000000
0.450D+02      0.000669     -0.000023      0.000000      0.000023     90.000000      0.000023      0.000000
0.500D+02      0.000680     -0.000042      0.000000      0.000042     90.000000      0.000042      0.000000
0.550D+02      0.000689     -0.000068      0.000000      0.000068     90.000000      0.000068      0.000000
0.600D+02      0.000698     -0.000100      0.000000      0.000100     90.000000      0.000100      0.000000
